Major League Leaders
Fielding
Team Stats
Season Type:
Regular Season
Single Season:
2024
Stats
Statcast
#	Team	Pos	Inn	rSZ	rCERA	rSB	rGDP	rARM	rGFP	rPM	rTS	DRS	ARM	DPR	RngR	ErrR	UZR	UZR/150	FRM	OAA	FRV	Def
1	TOR	---	12847.0	5	-3	5	6	8	8	51	26	102	0.7	3.3	19.4	4.7	28.1	3.8	4.1	23	50	37.8
2	CLE	---	12852.0	19	-2	-3	6	11	10	15	28	89	9.6	5.0	3.2	5.5	23.3	5.5	16.1	10	44	33.0
3	LAD	---	13011.0	-4	-3	6	1	4	-2	8	51	66	7.3	2.1	5.3	-18.5	-3.7	0.7	-8.3	-4	-8	-11.9
4	MIL	---	13014.0	2	6	-1	0	1	13	31	12	64	1.4	3.2	18.3	-8.3	14.6	2.8	2.2	29	33	29.2
5	DET	---	13023.0	11	-3	1	-1	-9	9	13	33	50	-4.2	-0.6	4.7	-7.2	-7.3	-1.8	15.4	22	23	32.5
6	BOS	---	13081.2	-4	-6	0	-2	23	-6	18	23	49	3.5	-3.5	14.0	-21.7	-7.7	-1.0	-12.3	-19	-22	-22.1
7	KCR	---	12853.0	2	1	5	2	1	4	24	-1	47	0.7	0.4	10.6	16.2	27.9	3.4	-2.0	36	44	35.6
8	SEA	---	12897.0	8	3	2	0	-1	1	9	28	39	1.7	2.4	6.1	-13.6	-3.5	0.0	9.7	-16	-4	-2.5
9	CHC	---	12891.0	-8	3	-1	-4	6	11	7	20	37	8.8	-4.1	16.2	-3.6	17.4	3.7	-11.7	21	11	11.5
10	ATL	---	12990.0	-2	0	-3	-3	-2	8	13	23	35	0.6	-1.6	0.9	4.1	4.1	0.6	0.2	0	-2	1.7
11	TEX	---	12849.0	-1	6	-7	-5	16	-2	24	10	33	16.9	-1.4	5.8	6.4	27.7	5.8	1.6	26	19	19.3
12	NYY	---	13074.0	18	0	2	-9	11	5	-20	29	31	15.5	-6.5	-21.9	13.1	0.1	2.5	20.1	10	32	35.2
13	STL	---	12996.0	-6	-1	-5	12	-6	2	6	33	29	-6.4	2.4	8.1	-9.3	-5.2	-1.6	-4.5	13	1	-3.3
14	COL	---	12840.0	-8	1	4	8	-6	-5	14	14	20	-6.1	3.9	4.9	15.6	18.3	1.3	-10.6	9	13	-3.5
15	NYM	---	12981.0	5	1	-1	-4	-6	-5	1	28	18	-6.5	-3.2	-0.3	10.4	0.5	-1.8	4.6	6	4	6.7
16	LAA	---	12879.0	-3	2	1	8	-11	1	-6	21	15	-2.2	2.2	-4.8	-9.2	-14.0	-2.1	-5.7	-37	-29	-36.2
17	ARI	---	12990.0	3	2	-3	6	-11	1	17	-2	13	-9.7	1.6	8.7	26.7	27.3	0.9	-0.7	36	29	20.8
18	PHI	---	12984.0	-9	1	1	-12	7	-1	12	-2	3	-0.8	-9.0	-13.8	13.1	-10.4	-1.7	-10.2	9	-3	4.5
19	BAL	---	12978.0	-4	0	0	-5	-7	-3	5	14	1	-5.9	-1.5	-1.8	18.7	9.4	-0.4	-4.0	-11	-14	-11.9
20	HOU	---	12888.0	-3	-2	1	2	-3	1	-9	19	1	0.1	1.2	9.6	-1.2	9.7	1.5	-0.7	-1	6	2.3
21	SFG	---	12903.0	17	2	0	-4	-1	-3	-6	0	-3	-1.6	0.0	-15.7	15.7	-1.6	-0.5	20.8	-7	4	8.6
22	TBR	---	12966.0	6	-2	-1	5	-7	-9	5	0	-7	-6.1	4.1	6.5	-10.3	-5.8	-0.9	5.8	4	6	3.0
23	PIT	---	12948.0	-4	1	-4	3	-4	-8	0	11	-7	-3.3	5.7	-0.6	-1.4	0.5	-0.2	2.4	-14	-26	-22.0
24	SDP	---	12954.0	-5	-3	0	-1	-1	-8	-10	18	-8	2.3	-2.0	-2.1	-4.9	-6.7	-0.9	-5.3	5	-16	-9.1
25	MIN	---	12963.0	3	-1	1	-4	-3	5	-47	27	-20	-5.1	-4.6	-21.0	0.2	-30.5	-6.2	4.4	3	-2	6.6
26	WSN	---	12906.0	-4	3	1	1	-4	-12	4	-2	-21	-9.4	0.9	-4.0	-9.1	-21.7	-4.3	-7.9	-21	-31	-30.5
27	MIA	---	12936.0	-5	3	0	-2	4	-6	-29	7	-29	7.7	0.6	-21.3	-15.7	-28.7	-2.8	0.9	-39	-27	-18.4
28	CIN	---	12852.0	-8	-3	-1	-6	-6	1	-29	22	-30	-3.7	-4.4	-4.7	-13.1	-25.9	-5.1	-3.0	-15	-35	-19.6
29	OAK	---	12930.0	-12	0	-1	4	4	-5	-70	15	-64	4.9	1.7	-15.0	3.3	-5.2	0.2	-10.2	-47	-49	-49.4
30	CHW	---	12780.0	-13	-2	1	0	-8	-9	-65	4	-87	-10.7	1.0	-15.4	-1.8	-26.9	-4.6	-11.8	-38	-60	-56.2
1
of
1
Page Size:
30
1 - 30 of 30 results
